-3.7500000000  +0.000
-3.6318619092  +0.000
-3.6318619092  +0.000
-3.6318619092  +1.000
-3.6318619092  +1.000
-3.6216848499  +0.000
-3.6216848499  +0.000
-3.6216848499  +1.000
-3.6216848499  +1.000
-3.6141121902  +0.000
-3.6141121902  +0.000
-3.6007810594  +0.000
-3.6007810594  +1.000
-3.5557878367  +0.000
-3.5557878367  +0.000
-3.5557878367  +1.000
-3.5557878335  +1.000
-3.5300825239  +0.000
-3.5052130566  +0.000
-3.5004289645  +0.000
-3.4961592426  +0.000
-3.4948036365  +0.000
-3.4948036365  +1.000
-3.4948036365  +1.000
-3.4948036365  +2.000
-3.4948036365  +2.000
-3.4948036365  +2.000
-3.4189678512  +0.000
-3.4189678512  +1.000
-3.4176774809  +1.000
-3.4148977916  +0.000
-3.4148977916  +1.000
-3.4125585985  +1.000
-3.4085679025  +0.000
-3.4085679025  +1.000
-3.4013878189  +0.000
-3.4013878189  +1.000
-3.4013878189  +2.000
-3.4013878189  +2.000
